{
 "cells": [
  {
   "cell_type": "markdown",
   "metadata": {},
   "source": [
    "# Data Analysis with Python\n"
   ]
  },
  {
   "cell_type": "markdown",
   "metadata": {},
   "source": [
    "<h3>What are the main characteristics that have the most impact on the car price?</h3>\n"
   ]
  },
  {
   "cell_type": "code",
   "execution_count": 1,
   "metadata": {},
   "outputs": [],
   "source": [
    "import pandas as pd\n",
    "import numpy as np\n",
    "import matplotlib.pyplot as plt\n",
    "import seaborn as sns\n",
    "from scipy import stats"
   ]
  },
  {
   "cell_type": "code",
   "execution_count": 2,
   "metadata": {},
   "outputs": [
    {
     "data": {
      "text/html": [
       "<div>\n",
       "<style scoped>\n",
       "    .dataframe tbody tr th:only-of-type {\n",
       "        vertical-align: middle;\n",
       "    }\n",
       "\n",
       "    .dataframe tbody tr th {\n",
       "        vertical-align: top;\n",
       "    }\n",
       "\n",
       "    .dataframe thead th {\n",
       "        text-align: right;\n",
       "    }\n",
       "</style>\n",
       "<table border=\"1\" class=\"dataframe\">\n",
       "  <thead>\n",
       "    <tr style=\"text-align: right;\">\n",
       "      <th></th>\n",
       "      <th>symboling</th>\n",
       "      <th>normalized-losses</th>\n",
       "      <th>make</th>\n",
       "      <th>fuel-type</th>\n",
       "      <th>aspiration</th>\n",
       "      <th>num-of-doors</th>\n",
       "      <th>body-style</th>\n",
       "      <th>drive-wheels</th>\n",
       "      <th>engine-location</th>\n",
       "      <th>wheel-base</th>\n",
       "      <th>...</th>\n",
       "      <th>engine-size</th>\n",
       "      <th>fuel-system</th>\n",
       "      <th>bore</th>\n",
       "      <th>stroke</th>\n",
       "      <th>compression-ratio</th>\n",
       "      <th>horsepower</th>\n",
       "      <th>peak-rpm</th>\n",
       "      <th>city-L/100km</th>\n",
       "      <th>highway-L/100km</th>\n",
       "      <th>price</th>\n",
       "    </tr>\n",
       "  </thead>\n",
       "  <tbody>\n",
       "    <tr>\n",
       "      <th>0</th>\n",
       "      <td>3</td>\n",
       "      <td>122</td>\n",
       "      <td>alfa-romero</td>\n",
       "      <td>gas</td>\n",
       "      <td>std</td>\n",
       "      <td>two</td>\n",
       "      <td>convertible</td>\n",
       "      <td>rwd</td>\n",
       "      <td>front</td>\n",
       "      <td>88.6</td>\n",
       "      <td>...</td>\n",
       "      <td>130</td>\n",
       "      <td>mpfi</td>\n",
       "      <td>3.47</td>\n",
       "      <td>2.68</td>\n",
       "      <td>9.0</td>\n",
       "      <td>111.0</td>\n",
       "      <td>5000.0</td>\n",
       "      <td>11.190476</td>\n",
       "      <td>8.703704</td>\n",
       "      <td>13495.0</td>\n",
       "    </tr>\n",
       "    <tr>\n",
       "      <th>1</th>\n",
       "      <td>3</td>\n",
       "      <td>122</td>\n",
       "      <td>alfa-romero</td>\n",
       "      <td>gas</td>\n",
       "      <td>std</td>\n",
       "      <td>two</td>\n",
       "      <td>convertible</td>\n",
       "      <td>rwd</td>\n",
       "      <td>front</td>\n",
       "      <td>88.6</td>\n",
       "      <td>...</td>\n",
       "      <td>130</td>\n",
       "      <td>mpfi</td>\n",
       "      <td>3.47</td>\n",
       "      <td>2.68</td>\n",
       "      <td>9.0</td>\n",
       "      <td>111.0</td>\n",
       "      <td>5000.0</td>\n",
       "      <td>11.190476</td>\n",
       "      <td>8.703704</td>\n",
       "      <td>16500.0</td>\n",
       "    </tr>\n",
       "    <tr>\n",
       "      <th>2</th>\n",
       "      <td>1</td>\n",
       "      <td>122</td>\n",
       "      <td>alfa-romero</td>\n",
       "      <td>gas</td>\n",
       "      <td>std</td>\n",
       "      <td>two</td>\n",
       "      <td>hatchback</td>\n",
       "      <td>rwd</td>\n",
       "      <td>front</td>\n",
       "      <td>94.5</td>\n",
       "      <td>...</td>\n",
       "      <td>152</td>\n",
       "      <td>mpfi</td>\n",
       "      <td>2.68</td>\n",
       "      <td>3.47</td>\n",
       "      <td>9.0</td>\n",
       "      <td>154.0</td>\n",
       "      <td>5000.0</td>\n",
       "      <td>12.368421</td>\n",
       "      <td>9.038462</td>\n",
       "      <td>16500.0</td>\n",
       "    </tr>\n",
       "    <tr>\n",
       "      <th>3</th>\n",
       "      <td>2</td>\n",
       "      <td>164</td>\n",
       "      <td>audi</td>\n",
       "      <td>gas</td>\n",
       "      <td>std</td>\n",
       "      <td>four</td>\n",
       "      <td>sedan</td>\n",
       "      <td>fwd</td>\n",
       "      <td>front</td>\n",
       "      <td>99.8</td>\n",
       "      <td>...</td>\n",
       "      <td>109</td>\n",
       "      <td>mpfi</td>\n",
       "      <td>3.19</td>\n",
       "      <td>3.40</td>\n",
       "      <td>10.0</td>\n",
       "      <td>102.0</td>\n",
       "      <td>5500.0</td>\n",
       "      <td>9.791667</td>\n",
       "      <td>7.833333</td>\n",
       "      <td>13950.0</td>\n",
       "    </tr>\n",
       "    <tr>\n",
       "      <th>4</th>\n",
       "      <td>2</td>\n",
       "      <td>164</td>\n",
       "      <td>audi</td>\n",
       "      <td>gas</td>\n",
       "      <td>std</td>\n",
       "      <td>four</td>\n",
       "      <td>sedan</td>\n",
       "      <td>4wd</td>\n",
       "      <td>front</td>\n",
       "      <td>99.4</td>\n",
       "      <td>...</td>\n",
       "      <td>136</td>\n",
       "      <td>mpfi</td>\n",
       "      <td>3.19</td>\n",
       "      <td>3.40</td>\n",
       "      <td>8.0</td>\n",
       "      <td>115.0</td>\n",
       "      <td>5500.0</td>\n",
       "      <td>13.055556</td>\n",
       "      <td>10.681818</td>\n",
       "      <td>17450.0</td>\n",
       "    </tr>\n",
       "  </tbody>\n",
       "</table>\n",
       "<p>5 rows × 26 columns</p>\n",
       "</div>"
      ],
      "text/plain": [
       "   symboling  normalized-losses         make fuel-type aspiration  \\\n",
       "0          3                122  alfa-romero       gas        std   \n",
       "1          3                122  alfa-romero       gas        std   \n",
       "2          1                122  alfa-romero       gas        std   \n",
       "3          2                164         audi       gas        std   \n",
       "4          2                164         audi       gas        std   \n",
       "\n",
       "  num-of-doors   body-style drive-wheels engine-location  wheel-base  ...  \\\n",
       "0          two  convertible          rwd           front        88.6  ...   \n",
       "1          two  convertible          rwd           front        88.6  ...   \n",
       "2          two    hatchback          rwd           front        94.5  ...   \n",
       "3         four        sedan          fwd           front        99.8  ...   \n",
       "4         four        sedan          4wd           front        99.4  ...   \n",
       "\n",
       "   engine-size  fuel-system  bore  stroke compression-ratio horsepower  \\\n",
       "0          130         mpfi  3.47    2.68               9.0      111.0   \n",
       "1          130         mpfi  3.47    2.68               9.0      111.0   \n",
       "2          152         mpfi  2.68    3.47               9.0      154.0   \n",
       "3          109         mpfi  3.19    3.40              10.0      102.0   \n",
       "4          136         mpfi  3.19    3.40               8.0      115.0   \n",
       "\n",
       "   peak-rpm city-L/100km  highway-L/100km    price  \n",
       "0    5000.0    11.190476         8.703704  13495.0  \n",
       "1    5000.0    11.190476         8.703704  16500.0  \n",
       "2    5000.0    12.368421         9.038462  16500.0  \n",
       "3    5500.0     9.791667         7.833333  13950.0  \n",
       "4    5500.0    13.055556        10.681818  17450.0  \n",
       "\n",
       "[5 rows x 26 columns]"
      ]
     },
     "execution_count": 2,
     "metadata": {},
     "output_type": "execute_result"
    }
   ],
   "source": [
    "df = pd.read_csv(\"automobile_data_cleaned.csv\")\n",
    "df.head()"
   ]
  },
  {
   "cell_type": "markdown",
   "metadata": {},
   "source": [
    "## Analyzing Individual Feature Patterns Using Visualization\n"
   ]
  },
  {
   "cell_type": "code",
   "execution_count": 3,
   "metadata": {},
   "outputs": [
    {
     "data": {
      "text/html": [
       "<div>\n",
       "<style scoped>\n",
       "    .dataframe tbody tr th:only-of-type {\n",
       "        vertical-align: middle;\n",
       "    }\n",
       "\n",
       "    .dataframe tbody tr th {\n",
       "        vertical-align: top;\n",
       "    }\n",
       "\n",
       "    .dataframe thead th {\n",
       "        text-align: right;\n",
       "    }\n",
       "</style>\n",
       "<table border=\"1\" class=\"dataframe\">\n",
       "  <thead>\n",
       "    <tr style=\"text-align: right;\">\n",
       "      <th></th>\n",
       "      <th>symboling</th>\n",
       "      <th>normalized-losses</th>\n",
       "      <th>wheel-base</th>\n",
       "      <th>length</th>\n",
       "      <th>width</th>\n",
       "      <th>height</th>\n",
       "      <th>curb-weight</th>\n",
       "      <th>engine-size</th>\n",
       "      <th>bore</th>\n",
       "      <th>stroke</th>\n",
       "      <th>compression-ratio</th>\n",
       "      <th>horsepower</th>\n",
       "      <th>peak-rpm</th>\n",
       "      <th>city-L/100km</th>\n",
       "      <th>highway-L/100km</th>\n",
       "      <th>price</th>\n",
       "    </tr>\n",
       "  </thead>\n",
       "  <tbody>\n",
       "    <tr>\n",
       "      <th>symboling</th>\n",
       "      <td>1.000000</td>\n",
       "      <td>0.466264</td>\n",
       "      <td>-0.535987</td>\n",
       "      <td>-0.365404</td>\n",
       "      <td>-0.242423</td>\n",
       "      <td>-0.550160</td>\n",
       "      <td>-0.233118</td>\n",
       "      <td>-0.110581</td>\n",
       "      <td>-0.139896</td>\n",
       "      <td>-0.007992</td>\n",
       "      <td>-0.182196</td>\n",
       "      <td>0.075790</td>\n",
       "      <td>0.279719</td>\n",
       "      <td>0.066171</td>\n",
       "      <td>-0.029807</td>\n",
       "      <td>-0.082391</td>\n",
       "    </tr>\n",
       "    <tr>\n",
       "      <th>normalized-losses</th>\n",
       "      <td>0.466264</td>\n",
       "      <td>1.000000</td>\n",
       "      <td>-0.056661</td>\n",
       "      <td>0.019424</td>\n",
       "      <td>0.086802</td>\n",
       "      <td>-0.373737</td>\n",
       "      <td>0.099404</td>\n",
       "      <td>0.112360</td>\n",
       "      <td>-0.029800</td>\n",
       "      <td>0.055127</td>\n",
       "      <td>-0.114713</td>\n",
       "      <td>0.217300</td>\n",
       "      <td>0.239544</td>\n",
       "      <td>0.238567</td>\n",
       "      <td>0.181189</td>\n",
       "      <td>0.133999</td>\n",
       "    </tr>\n",
       "    <tr>\n",
       "      <th>wheel-base</th>\n",
       "      <td>-0.535987</td>\n",
       "      <td>-0.056661</td>\n",
       "      <td>1.000000</td>\n",
       "      <td>0.876024</td>\n",
       "      <td>0.814507</td>\n",
       "      <td>0.590742</td>\n",
       "      <td>0.782097</td>\n",
       "      <td>0.572027</td>\n",
       "      <td>0.493203</td>\n",
       "      <td>0.157964</td>\n",
       "      <td>0.250313</td>\n",
       "      <td>0.371250</td>\n",
       "      <td>-0.360233</td>\n",
       "      <td>0.476153</td>\n",
       "      <td>0.577576</td>\n",
       "      <td>0.584642</td>\n",
       "    </tr>\n",
       "    <tr>\n",
       "      <th>length</th>\n",
       "      <td>-0.365404</td>\n",
       "      <td>0.019424</td>\n",
       "      <td>0.876024</td>\n",
       "      <td>1.000000</td>\n",
       "      <td>0.857170</td>\n",
       "      <td>0.492063</td>\n",
       "      <td>0.880665</td>\n",
       "      <td>0.685025</td>\n",
       "      <td>0.608941</td>\n",
       "      <td>0.123913</td>\n",
       "      <td>0.159733</td>\n",
       "      <td>0.579731</td>\n",
       "      <td>-0.286035</td>\n",
       "      <td>0.657373</td>\n",
       "      <td>0.707108</td>\n",
       "      <td>0.690628</td>\n",
       "    </tr>\n",
       "    <tr>\n",
       "      <th>width</th>\n",
       "      <td>-0.242423</td>\n",
       "      <td>0.086802</td>\n",
       "      <td>0.814507</td>\n",
       "      <td>0.857170</td>\n",
       "      <td>1.000000</td>\n",
       "      <td>0.306002</td>\n",
       "      <td>0.866201</td>\n",
       "      <td>0.729436</td>\n",
       "      <td>0.544879</td>\n",
       "      <td>0.188814</td>\n",
       "      <td>0.189867</td>\n",
       "      <td>0.615006</td>\n",
       "      <td>-0.245852</td>\n",
       "      <td>0.673363</td>\n",
       "      <td>0.736728</td>\n",
       "      <td>0.751265</td>\n",
       "    </tr>\n",
       "    <tr>\n",
       "      <th>height</th>\n",
       "      <td>-0.550160</td>\n",
       "      <td>-0.373737</td>\n",
       "      <td>0.590742</td>\n",
       "      <td>0.492063</td>\n",
       "      <td>0.306002</td>\n",
       "      <td>1.000000</td>\n",
       "      <td>0.307581</td>\n",
       "      <td>0.074694</td>\n",
       "      <td>0.180327</td>\n",
       "      <td>-0.060822</td>\n",
       "      <td>0.259737</td>\n",
       "      <td>-0.086941</td>\n",
       "      <td>-0.309913</td>\n",
       "      <td>0.003811</td>\n",
       "      <td>0.084301</td>\n",
       "      <td>0.135486</td>\n",
       "    </tr>\n",
       "    <tr>\n",
       "      <th>curb-weight</th>\n",
       "      <td>-0.233118</td>\n",
       "      <td>0.099404</td>\n",
       "      <td>0.782097</td>\n",
       "      <td>0.880665</td>\n",
       "      <td>0.866201</td>\n",
       "      <td>0.307581</td>\n",
       "      <td>1.000000</td>\n",
       "      <td>0.849072</td>\n",
       "      <td>0.644041</td>\n",
       "      <td>0.167412</td>\n",
       "      <td>0.156433</td>\n",
       "      <td>0.757994</td>\n",
       "      <td>-0.279350</td>\n",
       "      <td>0.785353</td>\n",
       "      <td>0.836921</td>\n",
       "      <td>0.834415</td>\n",
       "    </tr>\n",
       "    <tr>\n",
       "      <th>engine-size</th>\n",
       "      <td>-0.110581</td>\n",
       "      <td>0.112360</td>\n",
       "      <td>0.572027</td>\n",
       "      <td>0.685025</td>\n",
       "      <td>0.729436</td>\n",
       "      <td>0.074694</td>\n",
       "      <td>0.849072</td>\n",
       "      <td>1.000000</td>\n",
       "      <td>0.572516</td>\n",
       "      <td>0.205806</td>\n",
       "      <td>0.028889</td>\n",
       "      <td>0.822649</td>\n",
       "      <td>-0.256753</td>\n",
       "      <td>0.745059</td>\n",
       "      <td>0.783465</td>\n",
       "      <td>0.872335</td>\n",
       "    </tr>\n",
       "    <tr>\n",
       "      <th>bore</th>\n",
       "      <td>-0.139896</td>\n",
       "      <td>-0.029800</td>\n",
       "      <td>0.493203</td>\n",
       "      <td>0.608941</td>\n",
       "      <td>0.544879</td>\n",
       "      <td>0.180327</td>\n",
       "      <td>0.644041</td>\n",
       "      <td>0.572516</td>\n",
       "      <td>1.000000</td>\n",
       "      <td>-0.055390</td>\n",
       "      <td>0.001250</td>\n",
       "      <td>0.566838</td>\n",
       "      <td>-0.267338</td>\n",
       "      <td>0.554726</td>\n",
       "      <td>0.559197</td>\n",
       "      <td>0.543154</td>\n",
       "    </tr>\n",
       "    <tr>\n",
       "      <th>stroke</th>\n",
       "      <td>-0.007992</td>\n",
       "      <td>0.055127</td>\n",
       "      <td>0.157964</td>\n",
       "      <td>0.123913</td>\n",
       "      <td>0.188814</td>\n",
       "      <td>-0.060822</td>\n",
       "      <td>0.167412</td>\n",
       "      <td>0.205806</td>\n",
       "      <td>-0.055390</td>\n",
       "      <td>1.000000</td>\n",
       "      <td>0.187854</td>\n",
       "      <td>0.097815</td>\n",
       "      <td>-0.063720</td>\n",
       "      <td>0.036285</td>\n",
       "      <td>0.047199</td>\n",
       "      <td>0.082267</td>\n",
       "    </tr>\n",
       "    <tr>\n",
       "      <th>compression-ratio</th>\n",
       "      <td>-0.182196</td>\n",
       "      <td>-0.114713</td>\n",
       "      <td>0.250313</td>\n",
       "      <td>0.159733</td>\n",
       "      <td>0.189867</td>\n",
       "      <td>0.259737</td>\n",
       "      <td>0.156433</td>\n",
       "      <td>0.028889</td>\n",
       "      <td>0.001250</td>\n",
       "      <td>0.187854</td>\n",
       "      <td>1.000000</td>\n",
       "      <td>-0.214431</td>\n",
       "      <td>-0.435721</td>\n",
       "      <td>-0.299372</td>\n",
       "      <td>-0.223361</td>\n",
       "      <td>0.071107</td>\n",
       "    </tr>\n",
       "    <tr>\n",
       "      <th>horsepower</th>\n",
       "      <td>0.075790</td>\n",
       "      <td>0.217300</td>\n",
       "      <td>0.371250</td>\n",
       "      <td>0.579731</td>\n",
       "      <td>0.615006</td>\n",
       "      <td>-0.086941</td>\n",
       "      <td>0.757994</td>\n",
       "      <td>0.822649</td>\n",
       "      <td>0.566838</td>\n",
       "      <td>0.097815</td>\n",
       "      <td>-0.214431</td>\n",
       "      <td>1.000000</td>\n",
       "      <td>0.107882</td>\n",
       "      <td>0.889466</td>\n",
       "      <td>0.840668</td>\n",
       "      <td>0.809681</td>\n",
       "    </tr>\n",
       "    <tr>\n",
       "      <th>peak-rpm</th>\n",
       "      <td>0.279719</td>\n",
       "      <td>0.239544</td>\n",
       "      <td>-0.360233</td>\n",
       "      <td>-0.286035</td>\n",
       "      <td>-0.245852</td>\n",
       "      <td>-0.309913</td>\n",
       "      <td>-0.279350</td>\n",
       "      <td>-0.256753</td>\n",
       "      <td>-0.267338</td>\n",
       "      <td>-0.063720</td>\n",
       "      <td>-0.435721</td>\n",
       "      <td>0.107882</td>\n",
       "      <td>1.000000</td>\n",
       "      <td>0.115813</td>\n",
       "      <td>0.017736</td>\n",
       "      <td>-0.101542</td>\n",
       "    </tr>\n",
       "    <tr>\n",
       "      <th>city-L/100km</th>\n",
       "      <td>0.066171</td>\n",
       "      <td>0.238567</td>\n",
       "      <td>0.476153</td>\n",
       "      <td>0.657373</td>\n",
       "      <td>0.673363</td>\n",
       "      <td>0.003811</td>\n",
       "      <td>0.785353</td>\n",
       "      <td>0.745059</td>\n",
       "      <td>0.554726</td>\n",
       "      <td>0.036285</td>\n",
       "      <td>-0.299372</td>\n",
       "      <td>0.889466</td>\n",
       "      <td>0.115813</td>\n",
       "      <td>1.000000</td>\n",
       "      <td>0.958306</td>\n",
       "      <td>0.789898</td>\n",
       "    </tr>\n",
       "    <tr>\n",
       "      <th>highway-L/100km</th>\n",
       "      <td>-0.029807</td>\n",
       "      <td>0.181189</td>\n",
       "      <td>0.577576</td>\n",
       "      <td>0.707108</td>\n",
       "      <td>0.736728</td>\n",
       "      <td>0.084301</td>\n",
       "      <td>0.836921</td>\n",
       "      <td>0.783465</td>\n",
       "      <td>0.559197</td>\n",
       "      <td>0.047199</td>\n",
       "      <td>-0.223361</td>\n",
       "      <td>0.840668</td>\n",
       "      <td>0.017736</td>\n",
       "      <td>0.958306</td>\n",
       "      <td>1.000000</td>\n",
       "      <td>0.801118</td>\n",
       "    </tr>\n",
       "    <tr>\n",
       "      <th>price</th>\n",
       "      <td>-0.082391</td>\n",
       "      <td>0.133999</td>\n",
       "      <td>0.584642</td>\n",
       "      <td>0.690628</td>\n",
       "      <td>0.751265</td>\n",
       "      <td>0.135486</td>\n",
       "      <td>0.834415</td>\n",
       "      <td>0.872335</td>\n",
       "      <td>0.543154</td>\n",
       "      <td>0.082267</td>\n",
       "      <td>0.071107</td>\n",
       "      <td>0.809681</td>\n",
       "      <td>-0.101542</td>\n",
       "      <td>0.789898</td>\n",
       "      <td>0.801118</td>\n",
       "      <td>1.000000</td>\n",
       "    </tr>\n",
       "  </tbody>\n",
       "</table>\n",
       "</div>"
      ],
      "text/plain": [
       "                   symboling  normalized-losses  wheel-base    length  \\\n",
       "symboling           1.000000           0.466264   -0.535987 -0.365404   \n",
       "normalized-losses   0.466264           1.000000   -0.056661  0.019424   \n",
       "wheel-base         -0.535987          -0.056661    1.000000  0.876024   \n",
       "length             -0.365404           0.019424    0.876024  1.000000   \n",
       "width              -0.242423           0.086802    0.814507  0.857170   \n",
       "height             -0.550160          -0.373737    0.590742  0.492063   \n",
       "curb-weight        -0.233118           0.099404    0.782097  0.880665   \n",
       "engine-size        -0.110581           0.112360    0.572027  0.685025   \n",
       "bore               -0.139896          -0.029800    0.493203  0.608941   \n",
       "stroke             -0.007992           0.055127    0.157964  0.123913   \n",
       "compression-ratio  -0.182196          -0.114713    0.250313  0.159733   \n",
       "horsepower          0.075790           0.217300    0.371250  0.579731   \n",
       "peak-rpm            0.279719           0.239544   -0.360233 -0.286035   \n",
       "city-L/100km        0.066171           0.238567    0.476153  0.657373   \n",
       "highway-L/100km    -0.029807           0.181189    0.577576  0.707108   \n",
       "price              -0.082391           0.133999    0.584642  0.690628   \n",
       "\n",
       "                      width    height  curb-weight  engine-size      bore  \\\n",
       "symboling         -0.242423 -0.550160    -0.233118    -0.110581 -0.139896   \n",
       "normalized-losses  0.086802 -0.373737     0.099404     0.112360 -0.029800   \n",
       "wheel-base         0.814507  0.590742     0.782097     0.572027  0.493203   \n",
       "length             0.857170  0.492063     0.880665     0.685025  0.608941   \n",
       "width              1.000000  0.306002     0.866201     0.729436  0.544879   \n",
       "height             0.306002  1.000000     0.307581     0.074694  0.180327   \n",
       "curb-weight        0.866201  0.307581     1.000000     0.849072  0.644041   \n",
       "engine-size        0.729436  0.074694     0.849072     1.000000  0.572516   \n",
       "bore               0.544879  0.180327     0.644041     0.572516  1.000000   \n",
       "stroke             0.188814 -0.060822     0.167412     0.205806 -0.055390   \n",
       "compression-ratio  0.189867  0.259737     0.156433     0.028889  0.001250   \n",
       "horsepower         0.615006 -0.086941     0.757994     0.822649  0.566838   \n",
       "peak-rpm          -0.245852 -0.309913    -0.279350    -0.256753 -0.267338   \n",
       "city-L/100km       0.673363  0.003811     0.785353     0.745059  0.554726   \n",
       "highway-L/100km    0.736728  0.084301     0.836921     0.783465  0.559197   \n",
       "price              0.751265  0.135486     0.834415     0.872335  0.543154   \n",
       "\n",
       "                     stroke  compression-ratio  horsepower  peak-rpm  \\\n",
       "symboling         -0.007992          -0.182196    0.075790  0.279719   \n",
       "normalized-losses  0.055127          -0.114713    0.217300  0.239544   \n",
       "wheel-base         0.157964           0.250313    0.371250 -0.360233   \n",
       "length             0.123913           0.159733    0.579731 -0.286035   \n",
       "width              0.188814           0.189867    0.615006 -0.245852   \n",
       "height            -0.060822           0.259737   -0.086941 -0.309913   \n",
       "curb-weight        0.167412           0.156433    0.757994 -0.279350   \n",
       "engine-size        0.205806           0.028889    0.822649 -0.256753   \n",
       "bore              -0.055390           0.001250    0.566838 -0.267338   \n",
       "stroke             1.000000           0.187854    0.097815 -0.063720   \n",
       "compression-ratio  0.187854           1.000000   -0.214431 -0.435721   \n",
       "horsepower         0.097815          -0.214431    1.000000  0.107882   \n",
       "peak-rpm          -0.063720          -0.435721    0.107882  1.000000   \n",
       "city-L/100km       0.036285          -0.299372    0.889466  0.115813   \n",
       "highway-L/100km    0.047199          -0.223361    0.840668  0.017736   \n",
       "price              0.082267           0.071107    0.809681 -0.101542   \n",
       "\n",
       "                   city-L/100km  highway-L/100km     price  \n",
       "symboling              0.066171        -0.029807 -0.082391  \n",
       "normalized-losses      0.238567         0.181189  0.133999  \n",
       "wheel-base             0.476153         0.577576  0.584642  \n",
       "length                 0.657373         0.707108  0.690628  \n",
       "width                  0.673363         0.736728  0.751265  \n",
       "height                 0.003811         0.084301  0.135486  \n",
       "curb-weight            0.785353         0.836921  0.834415  \n",
       "engine-size            0.745059         0.783465  0.872335  \n",
       "bore                   0.554726         0.559197  0.543154  \n",
       "stroke                 0.036285         0.047199  0.082267  \n",
       "compression-ratio     -0.299372        -0.223361  0.071107  \n",
       "horsepower             0.889466         0.840668  0.809681  \n",
       "peak-rpm               0.115813         0.017736 -0.101542  \n",
       "city-L/100km           1.000000         0.958306  0.789898  \n",
       "highway-L/100km        0.958306         1.000000  0.801118  \n",
       "price                  0.789898         0.801118  1.000000  "
      ]
     },
     "execution_count": 3,
     "metadata": {},
     "output_type": "execute_result"
    }
   ],
   "source": [
    "df.corr(numeric_only=True)"
   ]
  },
  {
   "cell_type": "code",
   "execution_count": 4,
   "metadata": {},
   "outputs": [
    {
     "data": {
      "text/html": [
       "<div>\n",
       "<style scoped>\n",
       "    .dataframe tbody tr th:only-of-type {\n",
       "        vertical-align: middle;\n",
       "    }\n",
       "\n",
       "    .dataframe tbody tr th {\n",
       "        vertical-align: top;\n",
       "    }\n",
       "\n",
       "    .dataframe thead th {\n",
       "        text-align: right;\n",
       "    }\n",
       "</style>\n",
       "<table border=\"1\" class=\"dataframe\">\n",
       "  <thead>\n",
       "    <tr style=\"text-align: right;\">\n",
       "      <th></th>\n",
       "      <th>bore</th>\n",
       "      <th>stroke</th>\n",
       "      <th>compression-ratio</th>\n",
       "      <th>horsepower</th>\n",
       "    </tr>\n",
       "  </thead>\n",
       "  <tbody>\n",
       "    <tr>\n",
       "      <th>bore</th>\n",
       "      <td>1.000000</td>\n",
       "      <td>-0.055390</td>\n",
       "      <td>0.001250</td>\n",
       "      <td>0.566838</td>\n",
       "    </tr>\n",
       "    <tr>\n",
       "      <th>stroke</th>\n",
       "      <td>-0.055390</td>\n",
       "      <td>1.000000</td>\n",
       "      <td>0.187854</td>\n",
       "      <td>0.097815</td>\n",
       "    </tr>\n",
       "    <tr>\n",
       "      <th>compression-ratio</th>\n",
       "      <td>0.001250</td>\n",
       "      <td>0.187854</td>\n",
       "      <td>1.000000</td>\n",
       "      <td>-0.214431</td>\n",
       "    </tr>\n",
       "    <tr>\n",
       "      <th>horsepower</th>\n",
       "      <td>0.566838</td>\n",
       "      <td>0.097815</td>\n",
       "      <td>-0.214431</td>\n",
       "      <td>1.000000</td>\n",
       "    </tr>\n",
       "  </tbody>\n",
       "</table>\n",
       "</div>"
      ],
      "text/plain": [
       "                       bore    stroke  compression-ratio  horsepower\n",
       "bore               1.000000 -0.055390           0.001250    0.566838\n",
       "stroke            -0.055390  1.000000           0.187854    0.097815\n",
       "compression-ratio  0.001250  0.187854           1.000000   -0.214431\n",
       "horsepower         0.566838  0.097815          -0.214431    1.000000"
      ]
     },
     "execution_count": 4,
     "metadata": {},
     "output_type": "execute_result"
    }
   ],
   "source": [
    "# Correlation \n",
    "df[['bore', 'stroke', 'compression-ratio', 'horsepower']].corr()"
   ]
  },
  {
   "cell_type": "code",
   "execution_count": 5,
   "metadata": {
    "scrolled": true
   },
   "outputs": [
    {
     "data": {
      "text/plain": [
       "<Axes: xlabel='engine-size', ylabel='price'>"
      ]
     },
     "execution_count": 5,
     "metadata": {},
     "output_type": "execute_result"
    },
    {
     "data": {
